index,0,1,2
26457,0.11000000000000001,0.19,0.7
26458,0.10600000000000001,0.27,0.624
26459,0.082,0.248,0.67
26460,0.134,0.22399999999999998,0.642
26461,0.136,0.346,0.518
26462,0.148,0.36800000000000005,0.484
26463,0.302,0.29400000000000004,0.404
26464,0.08600000000000001,0.34400000000000003,0.5700000000000001
26465,0.054000000000000006,0.19,0.756
26466,0.05800000000000001,0.248,0.694
26467,0.142,0.244,0.614
26468,0.028000000000000004,0.45599999999999996,0.516
26469,0.288,0.276,0.43600000000000005
26470,0.196,0.288,0.516
26471,0.044,0.172,0.784
26472,0.376,0.33999999999999997,0.284
26473,0.13799999999999998,0.27999999999999997,0.5820000000000001
26474,0.252,0.258,0.49000000000000005
26475,0.16799999999999998,0.312,0.5199999999999999
26476,0.046,0.44399999999999995,0.51
26477,0.13,0.488,0.382
26478,0.252,0.192,0.556
26479,0.16799999999999998,0.278,0.554
26480,0.14600000000000002,0.3,0.554
26481,0.196,0.34199999999999997,0.462
26482,0.14800000000000002,0.202,0.65
26483,0.032,0.40199999999999997,0.5660000000000001
26484,0.13,0.29200000000000004,0.578
26485,0.082,0.18,0.7379999999999999
26486,0.12000000000000002,0.558,0.322
26487,0.1,0.278,0.622
26488,0.152,0.618,0.23000000000000004
26489,0.254,0.294,0.45199999999999996
26490,0.024,0.378,0.5980000000000001
26491,0.05,0.246,0.704
26492,0.11600000000000002,0.426,0.458
26493,0.192,0.5579999999999999,0.25
26494,0.148,0.21600000000000003,0.636
26495,0.06200000000000001,0.236,0.702
26496,0.17400000000000002,0.21400000000000002,0.612
26497,0.128,0.508,0.364
26498,0.068,0.612,0.32
26499,0.07999999999999999,0.23200000000000004,0.688
26500,0.16599999999999998,0.438,0.396
26501,0.21400000000000002,0.2,0.586
26502,0.076,0.242,0.682
26503,0.238,0.32999999999999996,0.43200000000000005
26504,0.118,0.426,0.45599999999999996
26505,0.132,0.266,0.6019999999999999
26506,0.136,0.43600000000000005,0.42800000000000005
26507,0.148,0.45,0.40199999999999997
26508,0.202,0.276,0.522
26509,0.152,0.31999999999999995,0.5279999999999999
26510,0.22400000000000003,0.308,0.46799999999999997
26511,0.10400000000000001,0.392,0.5040000000000001
26512,0.132,0.378,0.49000000000000005
26513,0.10800000000000001,0.616,0.27599999999999997
26514,0.078,0.14400000000000002,0.778
26515,0.276,0.11600000000000002,0.608
26516,0.17400000000000002,0.21400000000000002,0.612
26517,0.152,0.42000000000000004,0.42800000000000005
26518,0.31599999999999995,0.10800000000000001,0.5760000000000001
26519,0.418,0.146,0.43600000000000005
26520,0.10599999999999998,0.42400000000000004,0.47000000000000003
26521,0.08,0.332,0.588
26522,0.094,0.4459999999999999,0.4600000000000001
26523,0.086,0.3,0.6140000000000001
26524,0.06799999999999999,0.6,0.33199999999999996
26525,0.22400000000000003,0.266,0.51
26526,0.028000000000000004,0.41,0.5619999999999999
26527,0.13,0.41,0.45999999999999996
26528,0.11000000000000001,0.248,0.642
26529,0.1,0.164,0.736
26530,0.244,0.364,0.392
26531,0.194,0.366,0.44000000000000006
26532,0.036,0.2,0.7639999999999999
26533,0.098,0.33199999999999996,0.57
26534,0.132,0.27599999999999997,0.592
26535,0.11200000000000002,0.31,0.578
26536,0.262,0.39399999999999996,0.344
26537,0.134,0.23399999999999999,0.632
26538,0.08,0.538,0.38199999999999995
26539,0.016,0.22600000000000003,0.758
26540,0.086,0.394,0.5199999999999999
26541,0.06999999999999999,0.274,0.6559999999999999
26542,0.11199999999999999,0.288,0.6
26543,0.178,0.27999999999999997,0.542
26544,0.21200000000000002,0.304,0.484
26545,0.196,0.158,0.646
26546,0.13,0.358,0.5120000000000001
26547,0.27199999999999996,0.236,0.492
26548,0.062,0.296,0.6420000000000001
26549,0.08800000000000001,0.6799999999999999,0.23200000000000004
26550,0.026000000000000002,0.27399999999999997,0.7
26551,0.128,0.348,0.524
26552,0.062,0.22799999999999998,0.71
26553,0.17600000000000002,0.248,0.576
26554,0.188,0.39399999999999996,0.418
26555,0.06,0.318,0.6220000000000001
26556,0.06799999999999999,0.302,0.63
26557,0.09,0.18,0.7300000000000001
26558,0.22600000000000003,0.27999999999999997,0.49399999999999994
26559,0.21200000000000002,0.144,0.644
26560,0.068,0.384,0.548
26561,0.064,0.42200000000000004,0.514
26562,0.05600000000000001,0.356,0.588
26563,0.14200000000000002,0.146,0.712
26564,0.148,0.254,0.5980000000000001
26565,0.044000000000000004,0.434,0.522
26566,0.3,0.238,0.462
26567,0.05600000000000001,0.442,0.502
26568,0.22600000000000003,0.318,0.45599999999999996
26569,0.030000000000000006,0.24200000000000005,0.728
26570,0.22400000000000003,0.39,0.386
26571,0.284,0.21200000000000002,0.5040000000000001
26572,0.132,0.41600000000000004,0.45199999999999996
26573,0.20800000000000002,0.36,0.43199999999999994
26574,0.168,0.256,0.5760000000000001
26575,0.198,0.346,0.45599999999999996
26576,0.07200000000000001,0.30800000000000005,0.62
26577,0.12,0.268,0.612
26578,0.11600000000000002,0.7080000000000001,0.17600000000000002
26579,0.156,0.306,0.538
26580,0.11599999999999999,0.266,0.618
26581,0.054000000000000006,0.15399999999999997,0.792
26582,0.152,0.31999999999999995,0.5279999999999999
26583,0.057999999999999996,0.322,0.62
26584,0.144,0.306,0.55
26585,0.16999999999999998,0.53,0.3
26586,0.164,0.49000000000000005,0.346
26587,0.184,0.41800000000000004,0.398
26588,0.08199999999999999,0.344,0.574
26589,0.088,0.29200000000000004,0.62
26590,0.10800000000000001,0.43599999999999994,0.45600000000000007
26591,0.078,0.304,0.618
26592,0.092,0.238,0.67
26593,0.13599999999999998,0.32599999999999996,0.538
26594,0.138,0.434,0.42800000000000005
26595,0.05,0.29200000000000004,0.658
26596,0.092,0.308,0.6
26597,0.055999999999999994,0.302,0.642
26598,0.154,0.4,0.44600000000000006
26599,0.21200000000000002,0.37600000000000006,0.41200000000000003
26600,0.122,0.35,0.528
26601,0.086,0.3,0.6140000000000001
26602,0.078,0.35600000000000004,0.5660000000000001
26603,0.092,0.28800000000000003,0.62
26604,0.048,0.2,0.752
26605,0.07200000000000001,0.258,0.67
26606,0.03,0.55,0.42000000000000004
26607,0.14200000000000002,0.364,0.49400000000000005
26608,0.062,0.42800000000000005,0.51
26609,0.16,0.302,0.538
26610,0.15,0.252,0.5980000000000001
26611,0.186,0.38,0.434
26612,0.142,0.39799999999999996,0.45999999999999996
26613,0.21400000000000002,0.23399999999999999,0.5519999999999999
26614,0.13999999999999999,0.33799999999999997,0.522
26615,0.11800000000000002,0.3,0.582
26616,0.25,0.20399999999999996,0.546
26617,0.18,0.292,0.5279999999999999
26618,0.07,0.334,0.596
26619,0.26800000000000007,0.522,0.21000000000000002
26620,0.036,0.42000000000000004,0.5439999999999999
26621,0.164,0.236,0.6
26622,0.33599999999999997,0.242,0.422
26623,0.11400000000000002,0.39,0.496
26624,0.068,0.462,0.47000000000000003
26625,0.22400000000000003,0.266,0.51
26626,0.16599999999999998,0.28600000000000003,0.548
26627,0.11200000000000002,0.35,0.538
26628,0.074,0.44400000000000006,0.48200000000000004
26629,0.12799999999999997,0.19,0.682
26630,0.11199999999999999,0.33799999999999997,0.55
26631,0.094,0.28,0.626
26632,0.134,0.264,0.6020000000000001
26633,0.12200000000000003,0.292,0.586
26634,0.06799999999999999,0.29,0.642
26635,0.12,0.386,0.49399999999999994
26636,0.07,0.37600000000000006,0.554
26637,0.086,0.27799999999999997,0.6359999999999999
26638,0.13999999999999999,0.45999999999999996,0.39999999999999997
26639,0.044,0.688,0.268
26640,0.06400000000000002,0.16,0.776
26641,0.336,0.40800000000000003,0.25599999999999995
26642,0.124,0.29200000000000004,0.584
26643,0.078,0.292,0.63
26644,0.146,0.192,0.662
26645,0.06,0.242,0.698
26646,0.27199999999999996,0.178,0.55
26647,0.15800000000000003,0.37,0.4720000000000001
26648,0.15,0.378,0.472
26649,0.21200000000000002,0.26,0.528
26650,0.084,0.49000000000000005,0.426
26651,0.08,0.426,0.49399999999999994
26652,0.196,0.076,0.728
26653,0.094,0.194,0.712
26654,0.074,0.41600000000000004,0.51
26655,0.20400000000000001,0.256,0.54
26656,0.178,0.22199999999999998,0.6
26657,0.15000000000000002,0.378,0.4720000000000001
26658,0.046,0.264,0.6900000000000001
26659,0.08,0.3,0.62
26660,0.03,0.242,0.728
26661,0.138,0.532,0.33
26662,0.024,0.256,0.72
26663,0.298,0.3,0.40199999999999997
26664,0.122,0.29000000000000004,0.588
26665,0.13,0.242,0.628
26666,0.08399999999999999,0.386,0.53
26667,0.07200000000000001,0.258,0.67
26668,0.10400000000000001,0.44399999999999995,0.45199999999999996
26669,0.10600000000000001,0.42200000000000004,0.472
26670,0.066,0.268,0.6659999999999999
26671,0.172,0.274,0.5539999999999999
26672,0.082,0.308,0.61
26673,0.20400000000000001,0.392,0.404
26674,0.176,0.22199999999999998,0.6020000000000001
26675,0.07800000000000001,0.43000000000000005,0.492
26676,0.154,0.258,0.588
26677,0.08600000000000001,0.28600000000000003,0.628
26678,0.092,0.334,0.5740000000000001
26679,0.156,0.39,0.454
26680,0.10200000000000001,0.314,0.584
26681,0.11400000000000002,0.354,0.532
26682,0.076,0.37,0.554
26683,0.048,0.344,0.608
26684,0.036,0.23199999999999998,0.732
26685,0.06599999999999999,0.35400000000000004,0.58
26686,0.026000000000000002,0.44800000000000006,0.526
26687,0.036,0.42000000000000004,0.5439999999999999
26688,0.1,0.6619999999999999,0.238
26689,0.028000000000000004,0.16399999999999998,0.808
26690,0.03,0.284,0.6859999999999999
26691,0.16000000000000003,0.244,0.5960000000000001
26692,0.02,0.406,0.5740000000000001
26693,0.15,0.256,0.5940000000000001
26694,0.39799999999999996,0.236,0.366
26695,0.14400000000000002,0.29000000000000004,0.566
26696,0.13799999999999998,0.27999999999999997,0.5820000000000001
26697,0.15000000000000002,0.194,0.656
26698,0.33399999999999996,0.22399999999999998,0.442
26699,0.21599999999999997,0.488,0.296
26700,0.154,0.22999999999999998,0.616
26701,0.14,0.28600000000000003,0.574
26702,0.18400000000000002,0.392,0.42400000000000004
26703,0.15400000000000003,0.29600000000000004,0.55
26704,0.186,0.23399999999999999,0.5800000000000001
26705,0.21800000000000003,0.316,0.466
26706,0.11399999999999999,0.278,0.6079999999999999
26707,0.186,0.23399999999999999,0.5800000000000001
26708,0.166,0.188,0.646
26709,0.152,0.20999999999999996,0.638
26710,0.05600000000000001,0.442,0.502
26711,0.031999999999999994,0.3,0.668
26712,0.196,0.158,0.646
26713,0.18,0.352,0.46799999999999997
26714,0.055999999999999994,0.48600000000000004,0.458
26715,0.06000000000000001,0.312,0.6279999999999999
26716,0.09,0.462,0.44799999999999995
26717,0.132,0.282,0.5860000000000001
26718,0.098,0.38,0.522
26719,0.21200000000000002,0.40800000000000003,0.38000000000000006
26720,0.16199999999999998,0.31999999999999995,0.518
26721,0.076,0.266,0.658
26722,0.404,0.29400000000000004,0.302
26723,0.2,0.288,0.512
26724,0.23400000000000004,0.21600000000000003,0.55
26725,0.05800000000000001,0.446,0.496
26726,0.044,0.33399999999999996,0.622
26727,0.132,0.362,0.506
26728,0.126,0.44200000000000006,0.43200000000000005
26729,0.11399999999999999,0.33999999999999997,0.5459999999999999
26730,0.11000000000000001,0.62,0.26999999999999996
26731,0.186,0.29600000000000004,0.518
26732,0.244,0.362,0.394
26733,0.202,0.21200000000000002,0.5860000000000001
26734,0.11000000000000001,0.19,0.7
26735,0.11200000000000002,0.35,0.538
26736,0.086,0.184,0.7300000000000001
26737,0.11000000000000001,0.272,0.618
26738,0.048,0.406,0.546
26739,0.308,0.3,0.392
26740,0.04800000000000001,0.392,0.56
26741,0.07799999999999999,0.154,0.768
26742,0.034,0.476,0.49000000000000005
26743,0.20600000000000002,0.404,0.39
26744,0.2,0.22999999999999998,0.5700000000000001
26745,0.07200000000000001,0.258,0.67
26746,0.098,0.43200000000000005,0.47000000000000003
26747,0.1,0.28,0.62
26748,0.066,0.24,0.6940000000000002
26749,0.126,0.386,0.4879999999999999
26750,0.10400000000000001,0.5,0.396
26751,0.128,0.302,0.5700000000000001
26752,0.06600000000000002,0.626,0.308
26753,0.088,0.29200000000000004,0.62
26754,0.236,0.22599999999999998,0.538
26755,0.086,0.336,0.578
26756,0.092,0.28200000000000003,0.626
26757,0.086,0.3,0.6140000000000001
26758,0.064,0.21000000000000002,0.726
26759,0.144,0.554,0.302
26760,0.156,0.5640000000000001,0.27999999999999997
26761,0.4079999999999999,0.22800000000000004,0.364
26762,0.31599999999999995,0.10800000000000001,0.5760000000000001
26763,0.138,0.376,0.48600000000000004
26764,0.07,0.422,0.508
26765,0.186,0.23399999999999999,0.5800000000000001
26766,0.06599999999999999,0.396,0.538
26767,0.057999999999999996,0.534,0.40800000000000003
26768,0.094,0.6639999999999999,0.242
26769,0.28800000000000003,0.36,0.352
26770,0.12,0.22599999999999998,0.654
26771,0.192,0.5439999999999999,0.264
26772,0.126,0.274,0.6
26773,0.17,0.23000000000000004,0.6
26774,0.182,0.33199999999999996,0.48599999999999993
26775,0.068,0.496,0.43600000000000005
26776,0.152,0.28200000000000003,0.5660000000000001
26777,0.092,0.168,0.74
26778,0.156,0.39,0.454
26779,0.08600000000000001,0.30999999999999994,0.6039999999999999
26780,0.164,0.504,0.332
26781,0.026000000000000002,0.16999999999999998,0.8039999999999999
26782,0.126,0.174,0.7
26783,0.092,0.398,0.51
26784,0.182,0.342,0.476
26785,0.16399999999999998,0.256,0.58
26786,0.272,0.41200000000000003,0.316
26787,0.164,0.21200000000000002,0.624
26788,0.066,0.6460000000000001,0.288
26789,0.14200000000000002,0.52,0.33799999999999997
26790,0.194,0.41200000000000003,0.394
26791,0.026000000000000002,0.244,0.73
26792,0.128,0.384,0.488
26793,0.148,0.43999999999999995,0.41200000000000003
26794,0.10800000000000001,0.514,0.378
26795,0.028000000000000004,0.16399999999999998,0.808
26796,0.096,0.472,0.43200000000000005
26797,0.074,0.28,0.6460000000000001
26798,0.22799999999999998,0.37,0.402
26799,0.07999999999999999,0.23200000000000004,0.688
26800,0.12200000000000003,0.372,0.506
26801,0.124,0.42200000000000004,0.454
26802,0.11800000000000002,0.414,0.46799999999999997
26803,0.08399999999999999,0.28,0.636
26804,0.11600000000000002,0.44799999999999995,0.43599999999999994
26805,0.044000000000000004,0.21799999999999997,0.7379999999999999
26806,0.05800000000000001,0.344,0.598
26807,0.184,0.244,0.572
26808,0.094,0.358,0.5479999999999999
26809,0.09,0.39999999999999997,0.51
26810,0.034,0.292,0.6739999999999999
26811,0.142,0.31799999999999995,0.54
26812,0.12000000000000002,0.558,0.322
26813,0.06200000000000001,0.244,0.694
26814,0.10600000000000001,0.198,0.6960000000000001
26815,0.06999999999999999,0.192,0.7379999999999999
26816,0.076,0.55,0.374
26817,0.22200000000000003,0.19,0.5880000000000001
26818,0.11199999999999999,0.268,0.62
26819,0.09,0.33599999999999997,0.5740000000000001
26820,0.048,0.276,0.676
26821,0.16399999999999998,0.35200000000000004,0.484
26822,0.041999999999999996,0.29400000000000004,0.6639999999999999
26823,0.15000000000000002,0.38,0.47000000000000003
26824,0.066,0.5,0.434
26825,0.11600000000000002,0.338,0.5459999999999999
26826,0.154,0.164,0.682
26827,0.174,0.45200000000000007,0.374
26828,0.07,0.352,0.578
26829,0.1,0.306,0.594
26830,0.198,0.282,0.52
26831,0.266,0.24,0.49399999999999994
26832,0.027999999999999997,0.18000000000000002,0.792
26833,0.11200000000000002,0.268,0.62
26834,0.11399999999999999,0.352,0.534
26835,0.374,0.23800000000000004,0.388
26836,0.16399999999999998,0.39,0.446
26837,0.31999999999999995,0.31799999999999995,0.362
26838,0.098,0.28600000000000003,0.6159999999999999
26839,0.324,0.254,0.422
26840,0.318,0.31800000000000006,0.36400000000000005
26841,0.10400000000000001,0.22999999999999998,0.666
26842,0.10200000000000001,0.484,0.414
26843,0.406,0.28200000000000003,0.312
26844,0.052000000000000005,0.658,0.29
26845,0.53,0.22799999999999998,0.242
26846,0.06,0.242,0.698
26847,0.11000000000000001,0.38599999999999995,0.504
26848,0.372,0.28200000000000003,0.346
26849,0.154,0.5120000000000001,0.334
26850,0.072,0.41200000000000003,0.516
26851,0.064,0.308,0.6279999999999999
26852,0.062,0.258,0.68
26853,0.032,0.30200000000000005,0.666
26854,0.268,0.554,0.178
26855,0.13,0.358,0.5120000000000001
26856,0.162,0.28600000000000003,0.552
26857,0.11599999999999999,0.302,0.5820000000000001
26858,0.23000000000000004,0.492,0.27799999999999997
26859,0.11800000000000002,0.458,0.42399999999999993
26860,0.10400000000000001,0.5079999999999999,0.388
26861,0.128,0.564,0.308
26862,0.06,0.38,0.56
26863,0.08,0.442,0.4779999999999999
26864,0.148,0.514,0.338
26865,0.132,0.29000000000000004,0.578
26866,0.11400000000000002,0.442,0.44399999999999995
26867,0.178,0.16599999999999998,0.656
26868,0.12,0.238,0.642
26869,0.11000000000000001,0.122,0.768
26870,0.23199999999999998,0.40599999999999997,0.36200000000000004
26871,0.05600000000000001,0.442,0.502
26872,0.092,0.246,0.662
26873,0.198,0.316,0.48599999999999993
26874,0.10800000000000001,0.18,0.712
26875,0.16,0.41600000000000004,0.42400000000000004
26876,0.12,0.392,0.488
26877,0.118,0.22000000000000003,0.662
26878,0.22999999999999998,0.35200000000000004,0.418
26879,0.188,0.252,0.56
26880,0.16999999999999998,0.378,0.45199999999999996
26881,0.062,0.626,0.312
26882,0.244,0.22000000000000003,0.536
26883,0.18,0.356,0.46399999999999997
26884,0.038,0.51,0.45199999999999996
26885,0.134,0.43,0.43600000000000005
26886,0.046,0.29,0.664
26887,0.10200000000000001,0.254,0.6439999999999999
26888,0.15799999999999997,0.33799999999999997,0.5040000000000001
26889,0.057999999999999996,0.22599999999999998,0.716
26890,0.042,0.30999999999999994,0.648
26891,0.06000000000000001,0.388,0.5519999999999999
26892,0.244,0.25,0.506
26893,0.33399999999999996,0.22399999999999998,0.442
26894,0.19,0.246,0.564
26895,0.07,0.40800000000000003,0.522
26896,0.164,0.26999999999999996,0.5660000000000001
26897,0.08000000000000002,0.454,0.466
26898,0.074,0.27,0.656
26899,0.296,0.29600000000000004,0.40800000000000003
26900,0.132,0.354,0.514
26901,0.054000000000000006,0.27599999999999997,0.67
26902,0.10800000000000001,0.19999999999999998,0.692
26903,0.04,0.3,0.6599999999999999
26904,0.074,0.30200000000000005,0.624
26905,0.27999999999999997,0.16799999999999998,0.5519999999999999
26906,0.048,0.24000000000000005,0.7120000000000001
26907,0.062,0.502,0.43600000000000005
26908,0.05,0.41400000000000003,0.5359999999999999
26909,0.098,0.45599999999999996,0.446
26910,0.09,0.282,0.6279999999999999
26911,0.082,0.268,0.65
26912,0.11200000000000002,0.35200000000000004,0.5359999999999999
26913,0.25,0.32599999999999996,0.42400000000000004
26914,0.052000000000000005,0.306,0.642
26915,0.152,0.312,0.536
26916,0.082,0.502,0.4159999999999999
26917,0.1,0.164,0.736
26918,0.076,0.328,0.5960000000000001
26919,0.242,0.526,0.23199999999999998
26920,0.019999999999999997,0.29400000000000004,0.6859999999999999
26921,0.098,0.30599999999999994,0.596
26922,0.10800000000000001,0.5599999999999999,0.332
26923,0.092,0.252,0.656
26924,0.28200000000000003,0.44000000000000006,0.278
26925,0.132,0.292,0.576
26926,0.202,0.27,0.528
26927,0.254,0.294,0.45199999999999996
26928,0.034,0.538,0.42799999999999994
26929,0.11600000000000002,0.44000000000000006,0.44399999999999995
26930,0.064,0.27,0.666
26931,0.057999999999999996,0.584,0.358
26932,0.18,0.348,0.472
26933,0.33799999999999997,0.3,0.362
26934,0.16599999999999998,0.28,0.554
26935,0.21000000000000002,0.266,0.524
26936,0.156,0.45199999999999996,0.392
26937,0.166,0.316,0.518
26938,0.055999999999999994,0.384,0.5599999999999999
26939,0.38,0.29200000000000004,0.32799999999999996
26940,0.076,0.192,0.732
26941,0.06799999999999999,0.268,0.6639999999999999
26942,0.13,0.43800000000000006,0.43200000000000005
26943,0.078,0.63,0.292
26944,0.182,0.198,0.62
26945,0.10200000000000001,0.5199999999999999,0.378
26946,0.154,0.25,0.596
26947,0.148,0.374,0.4779999999999999
26948,0.057999999999999996,0.584,0.358
26949,0.21600000000000003,0.186,0.5980000000000001
26950,0.12,0.34800000000000003,0.532
26951,0.44400000000000006,0.33599999999999997,0.22000000000000003
26952,0.048,0.276,0.676
26953,0.094,0.22999999999999998,0.676
26954,0.14200000000000002,0.238,0.62
26955,0.134,0.534,0.33199999999999996
26956,0.198,0.22199999999999998,0.5800000000000001
26957,0.442,0.254,0.304
26958,0.07,0.37600000000000006,0.554
26959,0.074,0.63,0.296
26960,0.198,0.316,0.48599999999999993
26961,0.136,0.34400000000000003,0.5200000000000001
26962,0.062,0.254,0.6839999999999999
26963,0.15,0.256,0.5940000000000001
26964,0.10200000000000001,0.26,0.6380000000000001
26965,0.026000000000000002,0.22199999999999998,0.752
26966,0.164,0.26999999999999996,0.5660000000000001
26967,0.11599999999999999,0.20400000000000001,0.6799999999999999
26968,0.202,0.35,0.44800000000000006
26969,0.096,0.29600000000000004,0.608
26970,0.052000000000000005,0.334,0.614
26971,0.11399999999999999,0.46799999999999997,0.418
26972,0.072,0.692,0.23600000000000004
26973,0.078,0.186,0.736
26974,0.272,0.21400000000000002,0.514
26975,0.174,0.248,0.578
26976,0.124,0.326,0.55
26977,0.07,0.4640000000000001,0.466
26978,0.082,0.20600000000000004,0.712
26979,0.07,0.352,0.5780000000000001
26980,0.054000000000000006,0.19,0.756
26981,0.15000000000000002,0.384,0.466
26982,0.088,0.40599999999999997,0.506
26983,0.13,0.488,0.382
26984,0.14200000000000002,0.29,0.568
26985,0.21000000000000002,0.21799999999999997,0.5719999999999998
26986,0.05,0.18,0.7700000000000001
26987,0.28200000000000003,0.44000000000000006,0.278
26988,0.128,0.504,0.368
26989,0.06599999999999999,0.438,0.496
26990,0.124,0.308,0.5680000000000001
26991,0.16999999999999998,0.394,0.43600000000000005
26992,0.08600000000000001,0.304,0.6100000000000001
26993,0.21000000000000002,0.266,0.524
26994,0.162,0.344,0.49399999999999994
26995,0.031999999999999994,0.24,0.728
26996,0.054000000000000006,0.352,0.594
26997,0.23400000000000004,0.6300000000000001,0.13599999999999998
26998,0.36400000000000005,0.20400000000000001,0.43200000000000005
26999,0.192,0.21600000000000003,0.592
27000,0.057999999999999996,0.492,0.45
27001,0.07799999999999999,0.5640000000000001,0.358
27002,0.04,0.21200000000000002,0.748
27003,0.378,0.22799999999999998,0.394
27004,0.10200000000000001,0.45599999999999996,0.442
27005,0.03,0.262,0.708
27006,0.16799999999999998,0.274,0.558
27007,0.036,0.6599999999999999,0.30400000000000005
27008,0.27199999999999996,0.192,0.5359999999999999
27009,0.098,0.4640000000000001,0.438
27010,0.136,0.21199999999999997,0.6519999999999999
27011,0.092,0.406,0.502
27012,0.086,0.28800000000000003,0.6260000000000001
27013,0.13799999999999998,0.382,0.48
27014,0.08,0.26799999999999996,0.6519999999999999
27015,0.128,0.348,0.524
27016,0.21399999999999997,0.376,0.41
27017,0.07,0.334,0.596
27018,0.10800000000000001,0.336,0.556
27019,0.128,0.386,0.48599999999999993
27020,0.138,0.528,0.33399999999999996
27021,0.098,0.282,0.62
27022,0.11000000000000001,0.35,0.54
27023,0.11199999999999999,0.38199999999999995,0.506
27024,0.05600000000000001,0.244,0.7
27025,0.036,0.178,0.7859999999999999
27026,0.126,0.332,0.542
27027,0.16,0.278,0.5619999999999999
27028,0.134,0.264,0.6020000000000001
27029,0.032,0.506,0.462
27030,0.066,0.782,0.152
27031,0.356,0.34,0.304
27032,0.09999999999999999,0.384,0.516
27033,0.17,0.46799999999999997,0.362
27034,0.08,0.198,0.722
27035,0.098,0.362,0.54
27036,0.194,0.27399999999999997,0.5319999999999999
27037,0.134,0.506,0.36
27038,0.168,0.31200000000000006,0.5199999999999999
27039,0.17800000000000002,0.148,0.674
27040,0.20400000000000001,0.21399999999999997,0.582
27041,0.074,0.22200000000000003,0.704
27042,0.21200000000000002,0.31,0.4779999999999999
27043,0.032,0.354,0.6140000000000001
27044,0.13999999999999999,0.43,0.43000000000000005
27045,0.08199999999999999,0.164,0.7539999999999999
27046,0.062,0.316,0.6220000000000001
27047,0.16799999999999998,0.30200000000000005,0.5299999999999999
27048,0.088,0.694,0.21800000000000003
27049,0.186,0.5599999999999999,0.254
27050,0.041999999999999996,0.172,0.786
27051,0.09,0.42000000000000004,0.49000000000000005
27052,0.10400000000000001,0.41,0.48599999999999993
27053,0.047999999999999994,0.6199999999999999,0.33199999999999996
27054,0.22400000000000003,0.302,0.47400000000000003
27055,0.162,0.434,0.404
27056,0.21800000000000003,0.304,0.4779999999999999
27057,0.098,0.38,0.522
27058,0.062,0.502,0.43600000000000005
27059,0.136,0.288,0.576
27060,0.05800000000000001,0.346,0.596
27061,0.252,0.256,0.492
27062,0.048,0.258,0.694
27063,0.10800000000000001,0.43,0.462
27064,0.098,0.15800000000000003,0.744
27065,0.052000000000000005,0.426,0.522
27066,0.072,0.18200000000000002,0.7460000000000001
27067,0.132,0.41600000000000004,0.45199999999999996
27068,0.244,0.22000000000000003,0.536
27069,0.086,0.252,0.662
27070,0.15,0.20400000000000001,0.646
27071,0.08,0.21600000000000003,0.704
27072,0.09,0.304,0.606
27073,0.304,0.244,0.45199999999999996
27074,0.05800000000000001,0.4720000000000001,0.47000000000000003
27075,0.20800000000000002,0.21599999999999997,0.576
27076,0.07,0.368,0.562
27077,0.146,0.43599999999999994,0.418
27078,0.148,0.3,0.5519999999999999
27079,0.17,0.47000000000000003,0.36
27080,0.08399999999999999,0.534,0.382
27081,0.036,0.338,0.626
27082,0.198,0.268,0.534
27083,0.086,0.2,0.714
27084,0.358,0.262,0.38
27085,0.32599999999999996,0.196,0.47800000000000004
27086,0.098,0.28,0.6220000000000001
27087,0.124,0.518,0.358
27088,0.166,0.28200000000000003,0.5519999999999999
27089,0.276,0.264,0.45999999999999996
27090,0.055999999999999994,0.384,0.5599999999999999
27091,0.06000000000000001,0.324,0.6159999999999999
27092,0.128,0.392,0.48
27093,0.22599999999999998,0.4960000000000001,0.278
27094,0.264,0.29400000000000004,0.442
27095,0.10400000000000001,0.28800000000000003,0.608
27096,0.068,0.40599999999999997,0.526
27097,0.182,0.41800000000000004,0.4
27098,0.09,0.41400000000000003,0.496
27099,0.136,0.402,0.4619999999999999
27100,0.064,0.19,0.7460000000000001
27101,0.09,0.41400000000000003,0.496
27102,0.05600000000000001,0.442,0.502
27103,0.076,0.286,0.638
27104,0.198,0.314,0.488
27105,0.092,0.296,0.6119999999999999
27106,0.08,0.182,0.7379999999999999
27107,0.24000000000000005,0.308,0.45199999999999996
27108,0.042,0.242,0.716
27109,0.048,0.258,0.694
27110,0.10400000000000001,0.384,0.512
27111,0.052000000000000005,0.244,0.704
27112,0.46799999999999997,0.238,0.29400000000000004
27113,0.054000000000000006,0.386,0.5599999999999999
27114,0.048,0.28400000000000003,0.6679999999999999
27115,0.23399999999999999,0.34800000000000003,0.418
27116,0.126,0.43200000000000005,0.442
27117,0.094,0.298,0.6080000000000001
27118,0.06999999999999999,0.30200000000000005,0.628
27119,0.08399999999999999,0.534,0.382
27120,0.392,0.36,0.248
27121,0.134,0.332,0.534
27122,0.248,0.24800000000000005,0.504
27123,0.16599999999999998,0.336,0.49799999999999994
27124,0.194,0.292,0.514
27125,0.05600000000000001,0.442,0.502
27126,0.172,0.22799999999999998,0.6
27127,0.20400000000000001,0.352,0.44399999999999995
27128,0.052000000000000005,0.306,0.642
27129,0.158,0.27399999999999997,0.568
27130,0.21000000000000002,0.352,0.438
27131,0.152,0.29000000000000004,0.558
27132,0.20600000000000002,0.374,0.42000000000000004
27133,0.12,0.41200000000000003,0.46799999999999997
27134,0.044000000000000004,0.426,0.53
27135,0.076,0.606,0.318
27136,0.10600000000000001,0.32599999999999996,0.568
27137,0.032,0.27199999999999996,0.6960000000000001
27138,0.32999999999999996,0.34199999999999997,0.328
27139,0.08,0.244,0.676
27140,0.202,0.422,0.376
27141,0.256,0.39,0.354
27142,0.198,0.388,0.41400000000000003
27143,0.086,0.21399999999999997,0.7
27144,0.22000000000000003,0.22800000000000004,0.552
27145,0.192,0.5579999999999999,0.25
27146,0.09,0.21399999999999997,0.696
27147,0.192,0.376,0.43200000000000005
27148,0.06799999999999999,0.24000000000000005,0.6920000000000001
27149,0.064,0.33,0.6060000000000001
27150,0.09,0.246,0.6639999999999999
27151,0.07600000000000001,0.5399999999999999,0.384
27152,0.258,0.254,0.488
27153,0.068,0.5080000000000001,0.42400000000000004
27154,0.072,0.41,0.518
27155,0.12,0.318,0.562
27156,0.086,0.40800000000000003,0.506
27157,0.06000000000000001,0.154,0.7859999999999999
27158,0.156,0.21600000000000003,0.628
27159,0.06000000000000001,0.302,0.638
27160,0.12,0.32599999999999996,0.554
27161,0.052000000000000005,0.41200000000000003,0.5359999999999999
27162,0.134,0.392,0.47400000000000003
27163,0.14600000000000002,0.388,0.4659999999999999
27164,0.07200000000000001,0.314,0.614
27165,0.364,0.20800000000000002,0.42799999999999994
27166,0.146,0.2,0.6540000000000001
27167,0.174,0.45200000000000007,0.374
27168,0.238,0.34,0.422
27169,0.144,0.20999999999999996,0.646
27170,0.202,0.422,0.376
27171,0.14400000000000002,0.19599999999999998,0.6599999999999999
27172,0.076,0.37,0.554
27173,0.10200000000000001,0.392,0.506
27174,0.12799999999999997,0.23200000000000004,0.64
27175,0.248,0.362,0.39
27176,0.082,0.348,0.5700000000000001
27177,0.052000000000000005,0.332,0.6159999999999999
27178,0.14600000000000002,0.30800000000000005,0.546
27179,0.07200000000000001,0.21600000000000003,0.712
27180,0.17,0.25,0.5800000000000001
27181,0.32599999999999996,0.262,0.41200000000000003
27182,0.074,0.35,0.576
27183,0.132,0.23399999999999999,0.634
27184,0.08,0.16599999999999998,0.754
27185,0.128,0.302,0.5700000000000001
27186,0.13,0.308,0.562
27187,0.12000000000000002,0.558,0.322
27188,0.16,0.308,0.532
27189,0.12,0.31,0.5700000000000001
27190,0.22599999999999998,0.334,0.44000000000000006
27191,0.128,0.354,0.518
27192,0.148,0.184,0.6679999999999999
27193,0.078,0.36,0.562
27194,0.196,0.288,0.516
27195,0.034,0.22999999999999998,0.736
27196,0.094,0.344,0.5619999999999999
27197,0.098,0.38,0.522
27198,0.08399999999999999,0.276,0.6399999999999999
27199,0.16,0.52,0.32
27200,0.122,0.49800000000000005,0.38
27201,0.10600000000000001,0.32,0.5740000000000001
27202,0.398,0.244,0.35800000000000004
27203,0.06000000000000001,0.31799999999999995,0.6220000000000001
27204,0.22999999999999998,0.2,0.57
27205,0.031999999999999994,0.3,0.668
27206,0.074,0.46399999999999997,0.462
27207,0.07,0.382,0.548
27208,0.061999999999999986,0.28600000000000003,0.6519999999999999
27209,0.14200000000000002,0.282,0.576
27210,0.12600000000000003,0.45199999999999996,0.42200000000000004
27211,0.024,0.25,0.7260000000000001
27212,0.06999999999999999,0.25,0.6799999999999999
27213,0.092,0.16,0.748
27214,0.082,0.39,0.5280000000000001
27215,0.11399999999999999,0.5459999999999999,0.34
27216,0.28600000000000003,0.122,0.592
27217,0.326,0.236,0.438
27218,0.128,0.374,0.49800000000000005
27219,0.148,0.45,0.40199999999999997
27220,0.02,0.5279999999999999,0.45199999999999996
27221,0.182,0.40199999999999997,0.41600000000000004
27222,0.096,0.41,0.49400000000000005
27223,0.05800000000000001,0.27799999999999997,0.6639999999999999
27224,0.062,0.30200000000000005,0.636
27225,0.202,0.23199999999999998,0.5660000000000001
27226,0.242,0.342,0.41600000000000004
27227,0.12,0.48,0.4
27228,0.19200000000000003,0.364,0.44400000000000006
27229,0.036,0.42000000000000004,0.5439999999999999
27230,0.046,0.264,0.6900000000000001
27231,0.07599999999999998,0.524,0.4
27232,0.136,0.282,0.582
27233,0.308,0.262,0.43
27234,0.044000000000000004,0.244,0.712
27235,0.055999999999999994,0.25,0.694
27236,0.194,0.59,0.21600000000000003
27237,0.13999999999999999,0.43,0.43
27238,0.08600000000000001,0.28800000000000003,0.626
27239,0.098,0.3,0.602
27240,0.13799999999999998,0.368,0.49400000000000005
27241,0.20600000000000002,0.342,0.45199999999999996
27242,0.18,0.144,0.6759999999999999
27243,0.12200000000000003,0.3,0.578
27244,0.198,0.326,0.476
27245,0.10800000000000001,0.248,0.6439999999999999
27246,0.036,0.54,0.42400000000000004
27247,0.082,0.248,0.67
27248,0.068,0.402,0.53
27249,0.154,0.294,0.552
27250,0.05600000000000001,0.35,0.5940000000000001
27251,0.06999999999999999,0.43400000000000005,0.496
27252,0.33199999999999996,0.23200000000000004,0.43599999999999994
27253,0.05,0.41400000000000003,0.5359999999999999
27254,0.062,0.502,0.43600000000000005
27255,0.122,0.34199999999999997,0.536
27256,0.12200000000000003,0.388,0.48999999999999994
27257,0.042,0.36,0.598
27258,0.10600000000000001,0.282,0.612
27259,0.10599999999999998,0.42800000000000005,0.466
27260,0.31799999999999995,0.284,0.39799999999999996
27261,0.054000000000000006,0.29000000000000004,0.6559999999999999
27262,0.152,0.23399999999999999,0.614
27263,0.12,0.48,0.4
27264,0.142,0.21000000000000002,0.648
27265,0.072,0.304,0.624
27266,0.13999999999999999,0.33799999999999997,0.522
27267,0.146,0.34199999999999997,0.512
27268,0.156,0.316,0.5279999999999999
27269,0.061999999999999986,0.28600000000000003,0.6519999999999999
27270,0.07,0.346,0.584
27271,0.10600000000000001,0.30399999999999994,0.5900000000000001
27272,0.11599999999999999,0.254,0.63
27273,0.10400000000000001,0.33399999999999996,0.562
27274,0.10400000000000001,0.21200000000000002,0.6839999999999999
27275,0.084,0.186,0.7300000000000001
27276,0.052000000000000005,0.582,0.366
27277,0.078,0.382,0.54
27278,0.09,0.31399999999999995,0.596
27279,0.12,0.34800000000000003,0.532
27280,0.138,0.308,0.5539999999999999
27281,0.126,0.312,0.562
27282,0.098,0.268,0.634
27283,0.17400000000000002,0.21400000000000002,0.612
27284,0.16999999999999998,0.374,0.45600000000000007
27285,0.188,0.28200000000000003,0.53
27286,0.13799999999999998,0.532,0.33
27287,0.1,0.196,0.704
27288,0.064,0.21000000000000002,0.726
27289,0.22599999999999998,0.272,0.502
27290,0.13,0.328,0.542
27291,0.15,0.396,0.454
27292,0.098,0.594,0.308
27293,0.132,0.348,0.52
27294,0.314,0.31199999999999994,0.374
27295,0.098,0.30200000000000005,0.6
27296,0.09000000000000001,0.488,0.422
27297,0.2,0.5120000000000001,0.28800000000000003
27298,0.088,0.586,0.32599999999999996
27299,0.08399999999999999,0.328,0.588
27300,0.294,0.254,0.45200000000000007
27301,0.118,0.246,0.6360000000000001
27302,0.26799999999999996,0.44000000000000006,0.292
27303,0.086,0.124,0.79
27304,0.086,0.2,0.714
27305,0.12,0.34800000000000003,0.532
27306,0.162,0.148,0.69
27307,0.098,0.362,0.54
27308,0.25999999999999995,0.194,0.546
27309,0.041999999999999996,0.304,0.6539999999999999
27310,0.10800000000000001,0.336,0.5559999999999999
27311,0.11400000000000002,0.24,0.646
27312,0.166,0.194,0.64
27313,0.1,0.35,0.55
27314,0.20800000000000002,0.318,0.47400000000000003
27315,0.057999999999999996,0.302,0.64
27316,0.098,0.276,0.626
27317,0.176,0.41800000000000004,0.406
27318,0.042,0.36,0.598
27319,0.11400000000000002,0.442,0.44399999999999995
27320,0.062,0.41,0.528
27321,0.13999999999999999,0.24,0.62
27322,0.148,0.262,0.59
27323,0.076,0.37,0.554
27324,0.20600000000000002,0.21600000000000003,0.578
27325,0.126,0.45600000000000007,0.418
27326,0.25,0.276,0.47400000000000003
27327,0.21200000000000002,0.384,0.404
27328,0.17400000000000002,0.21400000000000002,0.612
27329,0.078,0.28800000000000003,0.634
27330,0.196,0.40800000000000003,0.39599999999999996
27331,0.262,0.266,0.472
27332,0.088,0.29200000000000004,0.62
27333,0.052000000000000005,0.33,0.6180000000000001
27334,0.17200000000000001,0.28200000000000003,0.546
27335,0.1,0.244,0.6559999999999999
27336,0.30199999999999994,0.24,0.458
27337,0.418,0.288,0.294
27338,0.10800000000000001,0.348,0.544
27339,0.136,0.348,0.516
27340,0.092,0.26,0.648
27341,0.152,0.278,0.57
27342,0.092,0.16,0.748
27343,0.144,0.322,0.534
27344,0.152,0.306,0.542
27345,0.24,0.276,0.484
27346,0.152,0.57,0.27799999999999997
27347,0.057999999999999996,0.584,0.358
27348,0.10600000000000001,0.266,0.6279999999999999
27349,0.026000000000000002,0.27399999999999997,0.7
27350,0.092,0.16,0.748
27351,0.04,0.18,0.78
27352,0.16,0.292,0.5479999999999999
27353,0.08,0.352,0.5680000000000001
27354,0.198,0.492,0.30999999999999994
27355,0.082,0.27999999999999997,0.638
27356,0.074,0.22999999999999998,0.6960000000000001
27357,0.06799999999999999,0.41200000000000003,0.52
27358,0.06,0.28200000000000003,0.658
27359,0.14200000000000002,0.364,0.49400000000000005
27360,0.10400000000000001,0.278,0.618
27361,0.057999999999999996,0.534,0.40800000000000003
27362,0.154,0.376,0.4699999999999999
27363,0.21000000000000002,0.22399999999999998,0.566
27364,0.092,0.16,0.748
27365,0.178,0.302,0.5200000000000001
27366,0.128,0.49399999999999994,0.378
27367,0.182,0.304,0.514
27368,0.376,0.21399999999999997,0.41
27369,0.438,0.22600000000000003,0.33599999999999997
27370,0.47400000000000003,0.23400000000000004,0.29200000000000004
27371,0.272,0.176,0.5519999999999999
27372,0.046,0.22399999999999998,0.7300000000000001
27373,0.256,0.29600000000000004,0.44799999999999995
27374,0.08800000000000001,0.29600000000000004,0.6159999999999999
27375,0.11199999999999999,0.358,0.53
27376,0.126,0.248,0.6260000000000001
27377,0.184,0.33999999999999997,0.476
27378,0.242,0.526,0.23199999999999998
27379,0.32199999999999995,0.31,0.368
27380,0.26799999999999996,0.44000000000000006,0.292
27381,0.11400000000000002,0.31199999999999994,0.5740000000000001
27382,0.10600000000000001,0.426,0.46799999999999997
27383,0.10600000000000001,0.23399999999999999,0.6599999999999999
27384,0.12999999999999998,0.44400000000000006,0.426
27385,0.132,0.11599999999999999,0.752
27386,0.13599999999999998,0.24400000000000005,0.62
27387,0.03,0.306,0.6639999999999999
27388,0.06999999999999999,0.366,0.5640000000000001
27389,0.09200000000000001,0.34199999999999997,0.5660000000000001
27390,0.14,0.20800000000000002,0.6519999999999999
27391,0.174,0.352,0.47400000000000003
27392,0.18000000000000002,0.388,0.43200000000000005
27393,0.092,0.16,0.748
27394,0.132,0.42400000000000004,0.44400000000000006
27395,0.12400000000000003,0.45,0.426
27396,0.05399999999999999,0.546,0.4
27397,0.06,0.728,0.21200000000000002
27398,0.186,0.366,0.44800000000000006
27399,0.064,0.4720000000000001,0.46399999999999997
27400,0.052000000000000005,0.236,0.712
27401,0.21600000000000003,0.43,0.354
27402,0.064,0.31999999999999995,0.6159999999999999
27403,0.088,0.238,0.674
27404,0.07799999999999999,0.434,0.488
27405,0.166,0.30600000000000005,0.5279999999999999
27406,0.068,0.17800000000000002,0.7539999999999999
27407,0.036,0.2,0.7639999999999999
27408,0.018000000000000002,0.45599999999999996,0.526
27409,0.052000000000000005,0.6140000000000001,0.334
27410,0.186,0.23199999999999998,0.5820000000000001
27411,0.11000000000000001,0.284,0.606
27412,0.16799999999999998,0.30200000000000005,0.5299999999999999
27413,0.11399999999999999,0.144,0.742
27414,0.10800000000000001,0.394,0.49800000000000005
27415,0.13999999999999999,0.23600000000000004,0.6239999999999999
27416,0.17200000000000001,0.188,0.64
27417,0.062,0.202,0.736
27418,0.048,0.23200000000000004,0.7200000000000001
27419,0.10400000000000001,0.6380000000000001,0.25799999999999995
27420,0.336,0.256,0.40800000000000003
27421,0.22800000000000004,0.27199999999999996,0.5
27422,0.122,0.246,0.632
27423,0.11600000000000002,0.426,0.458
27424,0.124,0.278,0.5979999999999999
27425,0.22400000000000003,0.266,0.51
27426,0.036,0.23199999999999998,0.732
27427,0.05600000000000001,0.442,0.502
27428,0.13,0.254,0.6159999999999999
27429,0.132,0.376,0.492
27430,0.454,0.166,0.38
27431,0.202,0.29000000000000004,0.5080000000000001
27432,0.11199999999999999,0.514,0.374
27433,0.336,0.282,0.382
27434,0.152,0.244,0.604
27435,0.148,0.514,0.338
27436,0.10600000000000001,0.302,0.5920000000000001
27437,0.078,0.22599999999999998,0.696
27438,0.174,0.31,0.516
27439,0.05600000000000001,0.22399999999999998,0.72
27440,0.21000000000000002,0.27,0.52
27441,0.27199999999999996,0.20400000000000001,0.5239999999999999
27442,0.16199999999999998,0.31600000000000006,0.522
27443,0.08,0.33799999999999997,0.5820000000000001
27444,0.08600000000000001,0.26599999999999996,0.648
27445,0.092,0.362,0.546
27446,0.12999999999999998,0.32999999999999996,0.54
27447,0.10200000000000001,0.5599999999999999,0.33799999999999997
27448,0.078,0.382,0.54
27449,0.054000000000000006,0.24000000000000005,0.7060000000000001
27450,0.16,0.508,0.332
27451,0.126,0.19,0.6839999999999999
27452,0.202,0.22399999999999998,0.5740000000000001
27453,0.156,0.516,0.328
27454,0.11600000000000002,0.12,0.764
27455,0.266,0.288,0.446
27456,0.062,0.372,0.5660000000000001
27457,0.10600000000000001,0.298,0.5960000000000001
27458,0.128,0.38,0.4920000000000001
27459,0.458,0.272,0.27
27460,0.06599999999999999,0.148,0.7859999999999999
27461,0.158,0.252,0.5900000000000001
27462,0.128,0.5680000000000001,0.304
27463,0.22400000000000003,0.32,0.45599999999999996
27464,0.06399999999999999,0.376,0.56
27465,0.24,0.276,0.484
27466,0.196,0.298,0.506
27467,0.21000000000000002,0.266,0.524
27468,0.10600000000000001,0.196,0.698
27469,0.11599999999999999,0.402,0.48199999999999993
27470,0.124,0.39399999999999996,0.48200000000000004
27471,0.134,0.42800000000000005,0.438
27472,0.16799999999999998,0.26999999999999996,0.5619999999999999
27473,0.088,0.346,0.5660000000000001
27474,0.05,0.378,0.5720000000000001
27475,0.172,0.248,0.5799999999999998
